1.45e+18 6.23e-06
1.45e+18 5.45e-06
4.59e+17 1.61e-05
3.25e+17 3.6e-05
2.42e+17 1.08e-05
2.42e+17 9.8e-06
3e+15 0.0121
2.91e+15 8.69e-05
2.46e+15 0.000772
2.42e+15 2.38e-05
2.14e+15 6.04e-05
2.07e+15 0.0105
1.94e+15 0.000381
1.94e+15 0.000243
1.94e+15 3.93e-05
1.58e+15 1.21e-05
1.3e+15 0.0234
1.03e+15 0.0268
8.91e+14 0.0288
8.03e+14 0.0288
7.94e+14 0.0288
7.08e+14 0.0295
6.75e+14 0.0263
6.69e+14 0.0264
6.17e+14 0.0275
5.99e+14 1.94e-05
5.88e+14 0.0185
5.47e+14 0.0288
5.42e+14 0.0275
5.42e+14 0.0265
5.42e+14 0.0274
5.26e+14 0.0272
5.1e+14 3.21e-05
4.57e+14 0.00104
4.57e+14 0.00132
4.48e+14 0.0261
4.48e+14 0.0276
4.35e+14 0.03
4.28e+14 0.0273
3.89e+14 0.0372
3.75e+14 0.0365
3.55e+14 6.73e-05
3.55e+14 0.0282
3.25e+14 0.0283
3.14e+14 7.26e-05
2.98e+14 0.000101
2.82e+14 0.0331
2.77e+14 0.00018
2.74e+14 0.000147
2.66e+14 2.23e-05
2.41e+14 0.0427
2.4e+14 0.0335
2.4e+14 0.0321
2.4e+14 0.0324
2.4e+14 0.0304
2.4e+14 0.0271
2.4e+14 0.0251
2.38e+14 0.0712
2.38e+14 0.0439
2.36e+14 0.0324
2.36e+14 0.0324
2.36e+14 0.0339
1.87e+14 0.0519
1.87e+14 0.0883
1.83e+14 0.0458
1.82e+14 0.0405
1.82e+14 0.0392
1.82e+14 0.0401
1.82e+14 0.0427
1.82e+14 0.0469
1.82e+14 0.0456
1.82e+14 0.0468
1.82e+14 0.049
1.82e+14 0.0462
1.82e+14 0.0501
1.82e+14 0.0575
1.82e+14 0.0409
1.82e+14 0.0469
1.82e+14 0.0436
1.82e+14 0.0405
1.41e+14 0.0742
1.37e+14 0.0849
1.36e+14 0.09
1.36e+14 0.094
1.36e+14 0.0851
1.36e+14 0.0813
1.36e+14 0.0891
1.36e+14 0.0897
1.36e+14 0.0841
1.36e+14 0.0813
1.36e+14 0.0794
1.31e+14 0.0785
8.57e+13 0.115
8.57e+13 0.1
8.57e+13 0.133
8.57e+13 0.2
4.47e+13 0.19
2.97e+13 0.331
2.97e+13 0.338
2.94e+13 0.43
1.2e+13 0.896
2.52e+12 1.55
1.86e+12 1.09
1.72e+12 1.29
3.75e+11 10
3.45e+11 6.45
2.3e+11 6.1
9.4e+10 9
9e+10 20.3
9e+10 26.3
8.96e+10 14.1
8.73e+10 19.6
8.63e+10 17.1
6.1e+10 14.5
4.1e+10 17.5
3.7e+10 23.7
3.7e+10 38.1
3.7e+10 36.8
3.68e+10 34.5
3.68e+10 25.5
3.14e+10 32.1
2.3e+10 20
2.22e+10 23.9
2.22e+10 33.4
2.22e+10 32.4
2.2e+10 42.7
1.51e+10 34.6
1.51e+10 34.6
1.49e+10 45.8
1.4e+10 47.5
1.4e+10 31.4
1.07e+10 45.1
8.87e+09 46.6
8e+09 48.2
5e+09 35.4
5e+09 38.4
5e+09 38.8
4.9e+09 26.7
4.88e+09 34.9
4.85e+09 36.9
4.58e+09 41.1
4.58e+09 38.1
2.7e+09 42.7
2.7e+09 43.4
2.7e+09 30.9
2.7e+09 41.8
1.5e+09 32
1.48e+09 36.1
1.41e+09 45.2
1.4e+09 39.6
1.4e+09 41.3
1.4e+09 46.3
1.38e+09 41.5
1.38e+09 38.5
9.6e+08 49.6
7.5e+08 45.3
7.5e+08 47.4
7.5e+08 48.7
6.35e+08 56.5
3.65e+08 66.5
3.18e+08 64
1.78e+08 62.8
1.78e+08 84.4
1.78e+08 80.3
1.78e+08 75
1.6e+08 97.3
8e+07 147
8e+07 176
7.38e+07 150
7.38e+07 141
6e+07 157
2.5e+07 860
2.23e+07 410
1.67e+07 580
